function correlateddata =  correlated_temporal(n_correlateds, timepoints)
% function which initialises the time envelopes for the correlated neurons.
% There are n_correlateds correlated neurons, and timepoints points in time. The
% actual timing is set in the calling function.
%
% LSS started 21 2 2006
%
correlateddata = zeros([n_correlateds 3 timepoints]) ;
correlateddata1 = ... % orig time multipliers
    [0.1 0.13   0.16   0.2   0.25   0.3   0.35   0.4   0.4   0.4   0.35   0.3   0.25   0.25   0.2   0.19   0.18  0.18   0.12   0.1 ...
    0.1 0.1 0.1 0.1   0.1   0.1   0.1   0.1   0.1   0.1   0.1   0.1   0.1   0.1   0.1   0.1   0.1   0.1   0.1   0.1 ...
            0.1 0.1 0.1 0.1   0.1   0.1   0.1   0.1   0.1   0.1   0.1   0.1   0.1   0.1   0.1   0.1   0.1   0.1   0.1   0.1   ; 
    % derivative time multipliers
   0.1 0.13   0.16   0.2   0.25   0.3   0.35   0.4   0.4   0.4   0.35   0.3   0.25   0.25   0.2   0.19   0.18  0.18   0.12   0.1 ...
    0.1 0.1 0.1 0.1   0.1   0.1   0.1   0.1   0.1   0.1   0.1   0.1   0.1   0.1   0.1   0.1   0.1   0.1   0.1   0.1 ...
            0.1 0.1 0.1 0.1   0.1   0.1   0.5   0.01   -0.01   -0.05   -0.1   -0.1   -0.1   -0.1   -0.1   -0.1   -0.1   -0.1   -0.1   -0.1    ;
0.1 0.13   0.16   0.2   0.25   0.3   0.35   0.4   0.4   0.4   0.35   0.3   0.25   0.25   0.2   0.19   0.18  0.18   0.12   0.1 ...
    0.1 0.1 0.1 0.1   0.1   0.1   0.1   0.1   0.1   0.1   0.1   0.1   0.1   0.1   0.1   0.1   0.1   0.1   0.1   0.1 ...
            0.1 0.1 0.1 0.1   0.1   0.1   0.5   0.01   -0.01   -0.05   -0.1   -0.1   -0.1   -0.1   -0.1   -0.1   -0.1   -0.1   -0.1   -0.1    ] ;
correlateddata (1,:,:) = correlateddata1 ;
    
correlateddata2 = ...
    [    0.1  0.15   0.2   0.3   0.4   0.4   0.4   0.4   0.35   0.3   0.25   0.2   0.15   0.1  0.05   0.1   0.1   0.1   0.1   0.1  ...
            0.1 0.1 0.1 0.1   0.1   0.1   0.1   0.1   0.1   0.1   0.1   0.1   0.1   0.1   0.1   0.1   0.1   0.1   0.1   0.1 ...
            0.1 0.1 0.1 0.1   0.1   0.1   0.1   0.1   0.1   0.1   0.1   0.1   0.1   0.1   0.1   0.1   0.1   0.1   0.1   0.1  ;
          0.1  0.15   0.2   0.3   0.4   0.4   0.4   0.4   0.35   0.3   0.25   0.2   0.15   0.1  0.05   0.1   0.1   0.1   0.1   0.1  ...
            0.1 0.1 0.1 0.1   0.1   0.1   0.07   0.04   0.01   -0.01   -0.02   -0.02   -0.02   -0.02   -0.02   -0.02   -0.02   -0.02   -0.02   -0.02 ...
            -0.02   -0.02   -0.02   -0.02   -0.02   -0.02   -0.02   -0.02   -0.02   -0.02   -0.02   -0.02  -0.02   -0.02   -0.02   -0.02   -0.02   -0.02   -0.02   -0.02  ; 
          0.1  0.15   0.2   0.3   0.4   0.4   0.4   0.4   0.35   0.3   0.25   0.2   0.15   0.1  0.05   0.1   0.1   0.1   0.1   0.1  ...
            0.1 0.1 0.1 0.1   0.1   0.1   0.07   0.04   0.01   -0.01   -0.02   -0.02   -0.02   -0.02   -0.02   -0.02   -0.02   -0.02   -0.02   -0.02 ...
            -0.02   -0.02   -0.02   -0.02   -0.02   -0.02   -0.02   -0.02   -0.02   -0.02   -0.02   -0.02  -0.02   -0.02   -0.02   -0.02   -0.02   -0.02   -0.02   -0.02 ] ;
correlateddata(2,:,:) = correlateddata2 ;
  
correlateddata3 = ...
    [    0.1  0.2   0.2   0.3   0.3  0.35   0.35  0.35  0.35   0.3   0.2   0.2   0.15   0.15   0.1   0.1   0.1   0.1   0.1   0.1   ...
            0.1 0.1 0.1 0.1   0.1   0.1   0.1   0.1   0.1   0.1   0.1   0.1   0.1   0.1   0.1   0.1   0.1   0.1   0.1   0.1 ...
            0.1 0.1 0.1 0.1   0.1   0.1   0.1   0.1   0.1   0.1   0.1   0.1   0.1   0.1   0.1   0.1   0.1   0.1   0   0 ;
                0.1  0.2   0.2   0.3   0.3  0.35   0.35  0.35  0.35   0.3   0.2   0.2   0.15   0.15   0.1   0.1   0.1   0.1   0.1   0.1   ...
            0.1 0.1 0.1 0.1   0.09   0.08   0.08   0.07   0.06   0.05   0.04   0.02   0.01   0   -0.02   -0.03   -0.04   -0.06   -0.08 -0.08 ...
            -0.1 -0.1 -0.1 -0.1  -0.1  -0.1 -0.1 -0.1 -0.1 -0.1 -0.1 -0.1 -0.1 -0.1 -0.1 -0.1 -0.1 -0.1   0   0 
                0.1  0.2   0.2   0.3   0.3  0.35   0.35  0.35  0.35   0.3   0.2   0.2   0.15   0.15   0.1   0.1   0.1   0.1   0.1   0.1   ...
            0.1 0.1 0.1 0.1   0.09   0.08   0.08   0.07   0.06   0.05   0.04   0.02   0.01   0   -0.02   -0.03   -0.04   -0.06   -0.08 -0.08 ...
            -0.1 -0.1 -0.1 -0.1  -0.1  -0.1 -0.1 -0.1 -0.1 -0.1 -0.1 -0.1 -0.1 -0.1 -0.1 -0.1 -0.1 -0.1   0   0 ] ;
correlateddata(3,:,:) = correlateddata3 ;

correlateddata4 = ...  
    [    0.1  0.11   0.2   0.3   0.3   0.3   0.3   0.3   0.3   0.3   0.3   0.3   0.2   0.2   0.1   0.1   0.1   0.1   0.1   0.1   ...
            0.1 0.1 0.1 0.1   0.1   0.1   0.1   0.1   0.1   0.1   0.1   0.1   0.1   0.1   0.1   0.1   0.1   0.1   0.1   0.1 ...
            0.1 0.1 0.1 0.1   0.1   0.1   0.1   0.1   0.1   0.1   0.1   0.1   0.1   0.1   0.1   0.1   0.1   0.1   0.1   0.1 ;
                0.1  0.11   0.2   0.3   0.3   0.3   0.3   0.3   0.3   0.3   0.3   0.3   0.2   0.2   0.1   0.1   0.1   0.1   0.1   0.1   ...
            0.1 0.1 0.1 0.1   0.09   0.08   0.08   0.07   0.06   0.05   0.04   0.02   0.01   0   -0.02   -0.03   -0.04   -0.06   -0.08 -0.08 ...
            -0.1 -0.1 -0.1 -0.1  -0.1  -0.1 -0.1 -0.1 -0.1 -0.1 -0.1 -0.1 -0.1 -0.1 -0.1 -0.1 -0.1 -0.1   0   0 ;
                            0.1  0.11   0.2   0.3   0.3   0.3   0.3   0.3   0.3   0.3   0.3   0.3   0.2   0.2   0.1   0.1   0.1   0.1   0.1   0.1   ...
            0.1 0.1 0.1 0.1   0.09   0.08   0.08   0.07   0.06   0.05   0.04   0.02   0.01   0   -0.02   -0.03   -0.04   -0.06   -0.08 -0.08 ...
            -0.1 -0.1 -0.1 -0.1  -0.1  -0.1 -0.1 -0.1 -0.1 -0.1 -0.1 -0.1 -0.1 -0.1 -0.1 -0.1 -0.1 -0.1   0   0 ] ;
correlateddata(4,:,:) = correlateddata4 ;

correlateddata5 = ... 
    [     0.05  0.1   0.15   0.2   0.3   0.3   0.3   0.3   0.3   0.3   0.3   0.3   0.3   0.2   0.2   0.15   0.1   0.1  0.1   0.1   ...
             0.1 0.1 0.1 0.1   0.1   0.1   0.1   0.1   0.1   0.1   0.1   0.1   0.1   0.1   0.1   0.1   0.1   0.1   0.1   0.1 ...
             0.1 0.1 0.1 0.1   0.1   0   0   0   0   0   0   0   0   0   0   0   0   0   0   0 ;
                0.1  0.11   0.2   0.3   0.3   0.3   0.3   0.3   0.3   0.3   0.3   0.3   0.2   0.2   0.1   0.1   0.1   0.1   0.1   0.1   ...
            0.1 0.1 0.1 0.1   0.09   0.08   0.08   0.07   0.06   0.05   0.04   0.02   0.01   0   -0.02   -0.03   -0.04   -0.06   -0.08 -0.08 ...            
            -0.1 -0.1 -0.1 -0.1  -0.1  -0.1 -0.1 -0.1 -0.1 -0.1 -0.1 -0.1 -0.1 -0.1 -0.1 -0.1 -0.1 -0.1   0   0  ;
             0.05  0.1   0.15   0.2   0.3   0.3   0.3   0.3   0.3   0.3   0.3   0.3   0.3   0.2   0.2   0.15   0.1   0.1  0.1   0.1   ...
            0.1 0.1 0.1 0.1   0.09   0.08   0.08   0.07   0.06   0.05   0.04   0.02   0.01   0   -0.02   -0.03   -0.04   -0.06   -0.08 -0.08 ...
            -0.1 -0.1 -0.1 -0.1  -0.1  -0.1 -0.1 -0.1 -0.1 -0.1 -0.1 -0.1 -0.1 -0.1 -0.1 -0.1 -0.1 -0.1   0   0 ] ;
correlateddata(5,:,:) = correlateddata5 ;

