function correlateddata =  correlated_temporal(n_correlateds, timepoints)
% function which initialises the time envelopes for the correlated neurons.
% There are n_correlateds correlated neurons, and timepoints points in time. The
% actual timing is set in the calling function.
%
% LSS started 21 2 2006
%
correlateddata = zeros([n_correlateds 3 timepoints]) ;
correlateddata1 = [ 0.00000	0.00101	0.00203	0.00304	0.00405	0.00507	0.00608	0.00709	0.00811	0.00912	0.01013	0.01006	0.00998	0.00991	0.00983	0.00975	0.00968	0.00960	0.00953	0.00945	0.00938	0.00930	0.00923	0.00915	0.00907	0.00900	0.00892	0.00885	0.00877	0.00870	0.00862	0.00855	0.00847	0.00840	0.00832	0.00824	0.00817	0.00809	0.00802	0.00794	0.00787	0.00779	0.00772	0.00764	0.00756	0.00749	0.00695	0.00642	0.00588	0.00535	0.00481	0.00428	0.00374	0.00321	0.00267	0.00214	0.00160	0.00107	0.00053	0.00000	 ; 
0.00000	-0.00741	-0.01482	-0.02223	-0.02964	-0.03704	-0.04445	-0.05186	-0.05927	-0.06668	-0.07409	-0.08150	-0.08150	-0.08150	-0.08150	-0.08150	-0.08150	-0.08150	-0.08150	-0.08150	-0.08150	-0.08150	-0.08150	-0.08150	-0.08150	-0.08150	-0.08150	-0.08150	-0.08150	-0.08150	-0.08150	-0.08150	-0.08150	-0.08150	-0.08150	-0.08150	-0.08150	-0.08150	-0.08150	-0.08150	-0.08150	-0.08150	-0.08150	-0.08150	-0.06167	-0.04185	-0.02203	-0.00220	0.01762	0.03744	0.03370	0.02996	0.02621	0.02247	0.01872	0.01498	0.01123	0.00749	0.00374	0.00000	 ; 
0.00000	-0.00901	-0.01802	-0.02703	-0.03604	-0.04505	-0.05406	-0.06308	-0.07209	-0.08110	-0.09011	-0.09912	-0.09980	-0.10048	-0.10117	-0.10185	-0.10253	-0.10321	-0.10389	-0.10458	-0.10526	-0.10594	-0.10662	-0.10730	-0.10799	-0.10867	-0.10935	-0.11003	-0.11071	-0.11140	-0.11208	-0.11276	-0.11344	-0.11413	-0.11481	-0.11549	-0.11617	-0.11685	-0.11754	-0.11822	-0.11890	-0.11958	-0.12026	-0.09761	-0.07495	-0.05230	-0.02964	-0.00699	0.01567	0.03833	0.03449	0.03066	0.02683	0.02300	0.01916	0.01533	0.01150	0.00767	0.00383	0.00000	 ] ;
correlateddata (1,:,:) = correlateddata1 ;
    
correlateddata2 = [ 0.00000	0.00344	0.00687	0.01031	0.01374	0.01718	0.01718	0.01718	0.01718	0.01718	0.01718	0.01718	0.01718	0.01718	0.01718	0.01718	0.01718	0.01718	0.01718	0.01718	0.01718	0.01718	0.01718	0.01718	0.01718	0.01718	0.01718	0.01718	0.01718	0.01718	0.01718	0.01718	0.01718	0.01718	0.01718	0.01718	0.01718	0.01718	0.01718	0.01718	0.01517	0.01315	0.01114	0.00913	0.00711	0.00510	0.00308	0.00107	-0.00094	-0.00296	-0.00497	-0.00699	-0.00900	-0.01101	-0.00918	-0.00734	-0.00551	-0.00367	-0.00184	0.00000	 ; 
0.00000	-0.02148	-0.04295	-0.06443	-0.08590	-0.08674	-0.08757	-0.08840	-0.08924	-0.09007	-0.09090	-0.09174	-0.09257	-0.09340	-0.09424	-0.09507	-0.09590	-0.09674	-0.09757	-0.09840	-0.09924	-0.10007	-0.10090	-0.10174	-0.10257	-0.10341	-0.10424	-0.10507	-0.10591	-0.10674	-0.10757	-0.10841	-0.10924	-0.11007	-0.11091	-0.11174	-0.11257	-0.11341	-0.11424	-0.11507	-0.11591	-0.11674	-0.09692	-0.07709	-0.05727	-0.03744	-0.01762	0.00220	0.01366	0.02511	0.03656	0.04802	0.05947	0.05098	0.04248	0.03398	0.02549	0.01699	0.00850	0.00000	 ; 
0.00000	-0.02148	-0.04295	-0.06443	-0.08590	-0.08626	-0.08662	-0.08697	-0.08733	-0.08769	-0.08805	-0.08840	-0.08876	-0.08912	-0.08947	-0.08983	-0.09019	-0.09055	-0.09090	-0.09126	-0.09162	-0.09198	-0.09233	-0.09269	-0.09305	-0.09340	-0.09376	-0.09412	-0.09448	-0.09483	-0.09519	-0.09555	-0.09590	-0.09626	-0.09662	-0.09698	-0.09733	-0.09769	-0.09805	-0.09840	-0.09876	-0.09912	-0.08194	-0.06476	-0.04758	-0.03040	-0.01322	0.00396	0.01877	0.03357	0.04837	0.06317	0.07797	0.06683	0.05570	0.04456	0.03342	0.02228	0.01114	0.00000	 ] ;
correlateddata(2,:,:) = correlateddata2 ;
  
correlateddata3 = [ 0.00000	0.00344	0.00687	0.01031	0.01374	0.01718	0.01718	0.01718	0.01718	0.01718	0.01718	0.01718	0.01718	0.01718	0.01718	0.01718	0.01718	0.01718	0.01718	0.01718	0.01718	0.01718	0.01718	0.01718	0.01718	0.01718	0.01718	0.01718	0.01718	0.01718	0.01718	0.01718	0.01718	0.01718	0.01718	0.01718	0.01718	0.01718	0.01718	0.01718	0.01517	0.01315	0.01114	0.00913	0.00711	0.00510	0.00308	0.00107	-0.00094	-0.00296	-0.00497	-0.00699	-0.00900	-0.01101	-0.00918	-0.00734	-0.00551	-0.00367	-0.00184	0.00000	 ; 
0.00000	-0.02148	-0.04295	-0.06443	-0.08590	-0.08674	-0.08757	-0.08840	-0.08924	-0.09007	-0.09090	-0.09174	-0.09257	-0.09340	-0.09424	-0.09507	-0.09590	-0.09674	-0.09757	-0.09840	-0.09924	-0.10007	-0.10090	-0.10174	-0.10257	-0.10341	-0.10424	-0.10507	-0.10591	-0.10674	-0.10757	-0.10841	-0.10924	-0.11007	-0.11091	-0.11174	-0.11257	-0.11341	-0.11424	-0.11507	-0.11591	-0.11674	-0.09692	-0.07709	-0.05727	-0.03744	-0.01762	0.00220	0.01366	0.02511	0.03656	0.04802	0.05947	0.05098	0.04248	0.03398	0.02549	0.01699	0.00850	0.00000	 ; 
0.00000	-0.00430	-0.00859	-0.01289	-0.01718	-0.01729	-0.01739	-0.01750	-0.01760	-0.01771	-0.01781	-0.01792	-0.01803	-0.01813	-0.01824	-0.01834	-0.01845	-0.01856	-0.01866	-0.01877	-0.01887	-0.01898	-0.01908	-0.01919	-0.01930	-0.01940	-0.01951	-0.01961	-0.01972	-0.01982	-0.01850	-0.01718	-0.01586	-0.01454	-0.01322	-0.01189	-0.01057	-0.00925	-0.00793	-0.00661	-0.01057	-0.01454	-0.01145	-0.00837	-0.00529	-0.00220	0.00088	0.00396	0.01877	0.03357	0.04837	0.06317	0.07797	0.06683	0.05570	0.04456	0.03342	0.02228	0.01114	0.00000	 ] ;
correlateddata(3,:,:) = correlateddata3 ;

correlateddata4 = [ 0.00000	0.00859	0.01718	0.01710	0.01702	0.01694	0.01685	0.01677	0.01669	0.01661	0.01653	0.01645	0.01636	0.01628	0.01620	0.01612	0.01604	0.01596	0.01588	0.01579	0.01571	0.01563	0.01555	0.01547	0.01539	0.01530	0.01522	0.01514	0.01506	0.01498	0.01490	0.01481	0.01473	0.01465	0.01457	0.01449	0.01441	0.01433	0.01424	0.01416	0.01408	0.01400	0.01392	0.01384	0.01375	0.01367	0.01359	0.01351	0.01343	0.01335	0.01326	0.01318	0.01310	0.01302	0.01294	0.01286	0.01278	0.00852	0.00426	0.00000	 ; 
0.00000	-0.03157	-0.06314	-0.09471	-0.09574	-0.09678	-0.09781	-0.09884	-0.09987	-0.10090	-0.10193	-0.10296	-0.10399	-0.10502	-0.10605	-0.10709	-0.10812	-0.10915	-0.11018	-0.11121	-0.11224	-0.11327	-0.11430	-0.11533	-0.11637	-0.11740	-0.11843	-0.11946	-0.12049	-0.12152	-0.12255	-0.12358	-0.12461	-0.12564	-0.12668	-0.12771	-0.12874	-0.12977	-0.13080	-0.13183	-0.13286	-0.13389	-0.13492	-0.13595	-0.13699	-0.13802	-0.13905	-0.14008	-0.14111	-0.14214	-0.14317	-0.09178	-0.04038	0.01101	0.06241	0.11380	0.16520	0.11013	0.05507	0.00000	 ; 
0.00000	-0.02863	-0.05727	-0.08590	-0.08506	-0.08422	-0.08337	-0.08253	-0.08169	-0.08084	-0.08000	-0.07915	-0.07831	-0.07747	-0.07662	-0.07578	-0.07494	-0.07409	-0.07325	-0.07241	-0.07156	-0.07072	-0.06988	-0.06903	-0.06819	-0.06734	-0.06650	-0.06566	-0.06481	-0.06397	-0.06313	-0.06228	-0.06144	-0.06060	-0.05975	-0.05891	-0.05807	-0.05722	-0.05638	-0.05553	-0.05469	-0.05385	-0.05300	-0.05216	-0.05132	-0.05047	-0.04963	-0.04879	-0.04794	-0.04710	-0.04626	-0.02742	-0.00859	0.01024	0.02907	0.04791	0.06674	0.08557	0.10441	0.00000	 ] ;
correlateddata(4,:,:) = correlateddata4 ;

