function targetdata =  target_temporal(n_targets, timepoints)
% function which initialises the time envelopes for the target neurons.
% There are n_targets target neurons, and timepoints poionts in time. The
% actual timing is set in the calling function.
%
% LSS started 21 2 2006
%
targetdata = zeros([n_targets 3 timepoints]) ;
targetdata1 = [ 0.00000	0.27753	0.55507	0.83260	0.72907	0.62555	0.52203	0.41850	0.31498	0.21145	0.10793	0.00441	-0.00200	-0.00841	-0.01482	-0.02123	-0.02763	-0.03404	-0.04045	-0.04686	-0.05326	-0.05967	-0.06608	-0.05923	-0.05237	-0.04552	-0.03867	-0.03182	-0.02496	-0.01811	-0.01126	-0.00441	-0.00425	-0.00409	-0.00393	-0.00378	-0.00362	-0.00346	-0.00330	-0.00315	-0.00299	-0.00283	-0.00267	-0.00252	-0.00236	-0.00220	-0.00205	-0.00189	-0.00173	-0.00157	-0.00142	-0.00126	-0.00110	-0.00094	-0.00079	-0.00063	-0.00047	-0.00031	-0.00016	0.00000	 ; 
0.00000	-0.11366	-0.22731	-0.34097	-0.45463	-0.56828	-0.47430	-0.38032	-0.28634	-0.19236	-0.09838	-0.00441	0.08664	0.17768	0.26872	0.27313	0.27753	0.28194	0.28634	0.29075	0.29515	0.29956	0.30396	0.30837	0.31278	0.26872	0.22467	0.18062	0.13656	0.09251	0.04846	0.00441	0.00425	0.00409	0.00393	0.00378	0.00362	0.00346	0.00330	0.00315	0.00299	0.00283	0.00267	0.00252	0.00236	0.00220	0.00205	0.00189	0.00173	0.00157	0.00142	0.00126	0.00110	0.00094	0.00079	0.00063	0.00047	0.00031	0.00016	0.00000	 ; 
0.00000	-0.08722	-0.17445	-0.26167	-0.34890	-0.43612	-0.35977	-0.28341	-0.20705	-0.13069	-0.05433	0.02203	0.08664	0.15125	0.21586	0.21938	0.22291	0.22643	0.22996	0.23348	0.23700	0.24053	0.24405	0.24758	0.25110	0.20999	0.16887	0.12775	0.08664	0.04552	0.00441	0.00425	0.00410	0.00395	0.00380	0.00365	0.00349	0.00334	0.00319	0.00304	0.00289	0.00273	0.00258	0.00243	0.00228	0.00213	0.00197	0.00182	0.00167	0.00152	0.00137	0.00122	0.00106	0.00091	0.00076	0.00061	0.00046	0.00030	0.00015	0.00000	 ] ;
targetdata (1,:,:) = targetdata1 ;
    
targetdata2 = [ 0.00000	0.08664	0.17327	0.25991	0.26074	0.26156	0.26239	0.26322	0.26404	0.26487	0.26569	0.26652	0.26735	0.26817	0.26900	0.26982	0.27065	0.27148	0.27230	0.27313	0.27395	0.27478	0.27561	0.27643	0.27726	0.27808	0.27891	0.27974	0.28056	0.28139	0.28221	0.28304	0.28387	0.28469	0.28552	0.28634	0.21762	0.14890	0.08018	0.01145	-0.05727	-0.05653	-0.05580	-0.05507	-0.05433	-0.05360	-0.05286	-0.05213	-0.05140	-0.05066	-0.04993	-0.04919	-0.04846	-0.04154	-0.03461	-0.02769	-0.02077	-0.01385	-0.00692	0.00000	 ; 
0.00000	-0.13069	-0.26138	-0.39207	-0.39290	-0.39372	-0.39455	-0.39537	-0.39620	-0.39703	-0.39785	-0.39868	-0.39950	-0.40033	-0.40116	-0.40198	-0.40281	-0.40363	-0.40446	-0.40529	-0.40611	-0.40694	-0.40776	-0.40859	-0.40942	-0.41024	-0.41107	-0.41189	-0.41272	-0.41355	-0.41437	-0.41520	-0.41602	-0.41685	-0.41768	-0.41850	-0.31630	-0.21410	-0.11189	-0.00969	0.09251	0.12423	0.15595	0.18767	0.21938	0.25110	0.23317	0.21523	0.19729	0.17936	0.16142	0.14349	0.12555	0.10761	0.08968	0.07174	0.05381	0.03587	0.01794	0.00000	 ; 
0.00000	-0.16593	-0.33186	-0.49780	-0.49862	-0.49945	-0.50028	-0.50110	-0.50193	-0.50275	-0.50358	-0.50441	-0.50523	-0.50606	-0.50688	-0.50771	-0.50854	-0.50936	-0.51019	-0.51101	-0.51184	-0.51267	-0.51349	-0.51432	-0.51514	-0.51597	-0.51680	-0.51762	-0.51845	-0.51927	-0.52010	-0.52093	-0.52175	-0.52258	-0.52340	-0.52423	-0.38855	-0.25286	-0.11718	0.01850	0.15419	0.17915	0.20411	0.22907	0.25404	0.27900	0.30396	0.28058	0.25720	0.23382	0.21044	0.18706	0.16367	0.14029	0.11691	0.09353	0.07015	0.04676	0.02338	0.00000	 ] ;
 
targetdata(2,:,:) = targetdata2 ;
            
%     1  1   1   1   1   1   1   1   1   1   1   1   1   1   1   1   1   1   1   1   ...
%             0 0 0 0   0   0   0   0   0   0   0   0   0   0   0   0   0   0   0   0 ...
%             0 0 0 0   0   0   0   0   0   0   0   0   0   0   0   0   0   0   0   0 ;
%     1  1   1   1   1   1   1   1   1   1   1   1   1   1   1   1   1   1   1   1   ...
%             0 0 0 0   0   0   0   0   0   0   0   0   0   0   0   0   0   0   0   0 ...
%             0 0 0 0   0   0   0   0   0   0   0   0   0   0   0   0   0   0   0   0 ;
%     1  1   1   1   1   1   1   1   1   1   1   1   1   1   1   1   1   1   1   1   ...
%             0 0 0 0   0   0   0   0   0   0   0   0   0   0   0   0   0   0   0   0 ...
%             0 0 0 0   0   0   0   0   0   0   0   0   0   0   0   0   0   0   0   0 ;
%     1  1   1   1   1   1   1   1   1   1   1   1   1   1   1   1   1   1   1   1   ...
%             0 0 0 0   0   0   0   0   0   0   0   0   0   0   0   0   0   0   0   0 ...
%             0 0 0 0   0   0   0   0   0   0   0   0   0   0   0   0   0   0   0   0 ] ;